==== raw ====
raw SVM Radial Bias Function accuracy: 0.9792

################################
raw accuracy analysis 
Class labels, min: 0 max: 9


Accuracy per class:
| class | accuracy |
| :---: | :---: |
| 0  |  0.9928571428571429  |
| 1  |  0.9920704845814978  |
| 2  |  0.9748062015503876  |
| 3  |  0.9851485148514851  |
| 4  |  0.9786150712830958  |
| 5  |  0.976457399103139  |
| 6  |  0.9853862212943633  |
| 7  |  0.9688715953307393  |
| 8  |  0.9753593429158111  |
| 9  |  0.9613478691774033  |


confusion matrix:
[0, 1, 2, 3, 4, 5, 6, 7, 8, 9]
0, 973, 0, 1, 0, 0, 2, 1, 1, 2, 0
1, 0, 1126, 3, 1, 0, 1, 1, 1, 2, 0
2, 6, 1, 1006, 2, 1, 0, 2, 7, 6, 1
3, 0, 0, 2, 995, 0, 2, 0, 5, 5, 1
4, 0, 0, 5, 0, 961, 0, 3, 0, 2, 11
5, 2, 0, 0, 9, 0, 871, 4, 1, 4, 1
6, 6, 2, 0, 0, 2, 3, 944, 0, 1, 0
7, 0, 6, 11, 1, 1, 0, 0, 996, 2, 11
8, 3, 0, 2, 6, 3, 2, 2, 3, 950, 3
9, 3, 4, 1, 7, 10, 2, 1, 7, 4, 970


################################
raw done in: 0:33:24.980838
==== thresh ====
thresh SVM Radial Bias Function accuracy: 0.9773

################################
thresh accuracy analysis 
Class labels, min: 0 max: 9


Accuracy per class:
| class | accuracy |
| :---: | :---: |
| 0  |  0.9918367346938776  |
| 1  |  0.9929515418502203  |
| 2  |  0.9767441860465116  |
| 3  |  0.9811881188118812  |
| 4  |  0.9735234215885947  |
| 5  |  0.9708520179372198  |
| 6  |  0.9812108559498957  |
| 7  |  0.9698443579766537  |
| 8  |  0.9743326488706365  |
| 9  |  0.958374628344896  |


confusion matrix:
[0, 1, 2, 3, 4, 5, 6, 7, 8, 9]
0, 972, 0, 1, 0, 0, 1, 3, 1, 2, 0
1, 0, 1127, 4, 0, 0, 1, 2, 0, 1, 0
2, 5, 1, 1008, 2, 2, 0, 1, 6, 7, 0
3, 0, 0, 3, 991, 0, 2, 0, 7, 5, 2
4, 1, 0, 3, 0, 956, 0, 4, 1, 2, 15
5, 3, 0, 0, 12, 1, 866, 5, 1, 3, 1
6, 6, 2, 2, 0, 2, 4, 940, 0, 2, 0
7, 0, 9, 10, 2, 1, 1, 0, 997, 0, 8
8, 3, 0, 3, 5, 4, 3, 2, 3, 949, 2
9, 4, 4, 1, 7, 11, 2, 1, 7, 5, 967


################################
thresh done in: 0:37:49.966681
==== chull ====
chull SVM Radial Bias Function accuracy: 0.8416

################################
chull accuracy analysis 
Class labels, min: 0 max: 9


Accuracy per class:
| class | accuracy |
| :---: | :---: |
| 0  |  0.8755102040816326  |
| 1  |  0.9744493392070485  |
| 2  |  0.8284883720930233  |
| 3  |  0.8504950495049505  |
| 4  |  0.8503054989816701  |
| 5  |  0.647982062780269  |
| 6  |  0.9478079331941545  |
| 7  |  0.8443579766536965  |
| 8  |  0.7402464065708418  |
| 9  |  0.8206144697720515  |


confusion matrix:
[0, 1, 2, 3, 4, 5, 6, 7, 8, 9]
0, 858, 0, 11, 23, 6, 13, 43, 0, 25, 1
1, 0, 1106, 5, 4, 0, 0, 9, 0, 11, 0
2, 23, 0, 855, 80, 0, 21, 11, 4, 36, 2
3, 13, 5, 42, 859, 1, 21, 1, 21, 40, 7
4, 15, 2, 9, 1, 835, 17, 9, 18, 10, 66
5, 24, 2, 27, 75, 18, 578, 11, 6, 144, 7
6, 19, 3, 8, 0, 8, 6, 908, 0, 6, 0
7, 3, 3, 3, 16, 17, 9, 0, 868, 6, 103
8, 50, 0, 22, 52, 14, 88, 4, 9, 721, 14
9, 8, 7, 6, 10, 52, 10, 0, 73, 15, 828


################################
chull done in: 1:03:35.746008
==== skel ====
skel SVM Radial Bias Function accuracy: 0.962

################################
skel accuracy analysis 
Class labels, min: 0 max: 9


Accuracy per class:
| class | accuracy |
| :---: | :---: |
| 0  |  0.9897959183673469  |
| 1  |  0.9885462555066079  |
| 2  |  0.9563953488372093  |
| 3  |  0.9534653465346534  |
| 4  |  0.9623217922606925  |
| 5  |  0.9506726457399103  |
| 6  |  0.9676409185803758  |
| 7  |  0.9503891050583657  |
| 8  |  0.9568788501026694  |
| 9  |  0.9405351833498513  |


confusion matrix:
[0, 1, 2, 3, 4, 5, 6, 7, 8, 9]
0, 970, 0, 3, 0, 0, 0, 5, 1, 1, 0
1, 0, 1122, 5, 3, 0, 0, 3, 1, 1, 0
2, 3, 4, 987, 4, 5, 0, 7, 15, 6, 1
3, 0, 1, 11, 963, 0, 18, 0, 9, 5, 3
4, 2, 3, 3, 0, 945, 0, 7, 1, 4, 17
5, 4, 1, 3, 19, 1, 848, 7, 0, 3, 6
6, 9, 6, 3, 1, 7, 3, 927, 0, 2, 0
7, 2, 6, 26, 1, 5, 0, 0, 977, 5, 6
8, 3, 3, 5, 2, 4, 1, 7, 2, 932, 15
9, 5, 7, 1, 7, 16, 5, 1, 6, 12, 949


################################
skel done in: 1:15:07.290398
==== endpoint ====
endpoint SVM Radial Bias Function accuracy: 0.8342

################################
endpoint accuracy analysis 
Class labels, min: 0 max: 9


Accuracy per class:
| class | accuracy |
| :---: | :---: |
| 0  |  0.8489795918367347  |
| 1  |  0.9048458149779736  |
| 2  |  0.8943798449612403  |
| 3  |  0.8772277227722772  |
| 4  |  0.9103869653767821  |
| 5  |  0.7892376681614349  |
| 6  |  0.8924843423799582  |
| 7  |  0.8939688715953308  |
| 8  |  0.3891170431211499  |
| 9  |  0.9147670961347869  |


confusion matrix:
[0, 1, 2, 3, 4, 5, 6, 7, 8, 9]
0, 832, 0, 21, 9, 1, 2, 36, 3, 74, 2
1, 0, 1027, 15, 2, 12, 68, 4, 0, 3, 4
2, 9, 13, 923, 18, 14, 4, 24, 14, 11, 2
3, 2, 9, 7, 886, 6, 11, 0, 80, 9, 0
4, 0, 12, 10, 1, 894, 18, 1, 10, 11, 25
5, 2, 107, 1, 9, 30, 704, 3, 3, 20, 13
6, 2, 16, 26, 9, 7, 18, 855, 0, 25, 0
7, 0, 6, 11, 52, 29, 2, 0, 919, 1, 8
8, 495, 2, 20, 8, 15, 12, 20, 4, 379, 19
9, 4, 11, 4, 1, 24, 19, 0, 6, 17, 923


################################
endpoint done in: 1:17:29.552721
==== corner ====
corner SVM Radial Bias Function accuracy: 0.6446

################################
corner accuracy analysis 
Class labels, min: 0 max: 9


Accuracy per class:
| class | accuracy |
| :---: | :---: |
| 0  |  0.6714285714285714  |
| 1  |  0.8696035242290749  |
| 2  |  0.5910852713178295  |
| 3  |  0.5267326732673268  |
| 4  |  0.5203665987780041  |
| 5  |  0.6065022421524664  |
| 6  |  0.7839248434237995  |
| 7  |  0.7928015564202334  |
| 8  |  0.3932238193018481  |
| 9  |  0.6521308225966304  |


confusion matrix:
[0, 1, 2, 3, 4, 5, 6, 7, 8, 9]
0, 658, 90, 36, 45, 3, 42, 22, 20, 54, 10
1, 31, 987, 17, 13, 12, 8, 8, 6, 43, 10
2, 73, 20, 610, 60, 60, 32, 57, 21, 35, 64
3, 77, 64, 55, 532, 35, 48, 20, 50, 72, 57
4, 9, 3, 63, 48, 511, 26, 83, 20, 54, 165
5, 56, 14, 26, 50, 38, 541, 50, 18, 45, 54
6, 23, 12, 40, 11, 26, 24, 751, 6, 26, 39
7, 3, 23, 32, 31, 12, 13, 20, 815, 25, 54
8, 76, 81, 27, 54, 66, 59, 75, 48, 383, 105
9, 6, 14, 22, 22, 56, 33, 51, 94, 53, 658


################################
corner done in: 1:43:35.065750
==== circle ====
circle SVM Radial Bias Function accuracy: 0.4851

################################
circle accuracy analysis 
Class labels, min: 0 max: 9


Accuracy per class:
| class | accuracy |
| :---: | :---: |
| 0  |  0.5612244897959183  |
| 1  |  0.9955947136563876  |
| 2  |  0.4011627906976744  |
| 3  |  0.4613861386138614  |
| 4  |  0.2454175152749491  |
| 5  |  0.1984304932735426  |
| 6  |  0.6440501043841336  |
| 7  |  0.24027237354085604  |
| 8  |  0.46406570841889117  |
| 9  |  0.5520317145688801  |


confusion matrix:
[0, 1, 2, 3, 4, 5, 6, 7, 8, 9]
0, 550, 5, 28, 78, 14, 94, 93, 35, 73, 10
1, 0, 1130, 0, 1, 0, 0, 2, 0, 2, 0
2, 33, 145, 414, 61, 78, 26, 55, 26, 111, 83
3, 60, 89, 53, 466, 12, 72, 115, 8, 92, 43
4, 9, 128, 83, 16, 241, 29, 34, 86, 35, 321
5, 83, 93, 15, 220, 17, 177, 107, 11, 135, 34
6, 92, 77, 22, 28, 26, 34, 617, 33, 11, 18
7, 14, 314, 23, 12, 61, 6, 29, 247, 12, 310
8, 55, 29, 52, 122, 34, 91, 28, 12, 452, 99
9, 41, 57, 29, 14, 106, 17, 36, 104, 48, 557


################################
circle done in: 1:48:35.397680
==== crossing ====
crossing SVM Radial Bias Function accuracy: 0.4128

################################
crossing accuracy analysis 
Class labels, min: 0 max: 9


Accuracy per class:
| class | accuracy |
| :---: | :---: |
| 0  |  0.08469387755102041  |
| 1  |  0.9762114537444934  |
| 2  |  0.23546511627906977  |
| 3  |  0.4861386138613861  |
| 4  |  0.42362525458248473  |
| 5  |  0.09641255605381166  |
| 6  |  0.5991649269311065  |
| 7  |  0.0632295719844358  |
| 8  |  0.6817248459958932  |
| 9  |  0.39444995044598613  |


confusion matrix:
[0, 1, 2, 3, 4, 5, 6, 7, 8, 9]
0, 83, 839, 4, 9, 1, 22, 3, 7, 12, 0
1, 2, 1108, 6, 8, 0, 1, 3, 1, 4, 2
2, 10, 260, 243, 6, 194, 0, 177, 0, 49, 93
3, 30, 268, 0, 491, 5, 12, 26, 25, 106, 47
4, 2, 14, 91, 42, 416, 0, 66, 2, 89, 260
5, 18, 698, 6, 34, 1, 86, 35, 1, 11, 2
6, 4, 152, 87, 18, 44, 26, 574, 1, 42, 10
7, 13, 760, 22, 39, 57, 10, 12, 65, 32, 18
8, 12, 2, 26, 65, 38, 6, 78, 1, 664, 82
9, 12, 58, 48, 163, 167, 2, 20, 16, 125, 398


################################
crossing done in: 1:50:48.563816
==== line ====
line SVM Radial Bias Function accuracy: 0.6362

################################
line accuracy analysis 
Class labels, min: 0 max: 9


Accuracy per class:
| class | accuracy |
| :---: | :---: |
| 0  |  0.7346938775510204  |
| 1  |  0.9066079295154185  |
| 2  |  0.5387596899224806  |
| 3  |  0.7960396039603961  |
| 4  |  0.5162932790224033  |
| 5  |  0.5717488789237668  |
| 6  |  0.6252609603340292  |
| 7  |  0.6857976653696498  |
| 8  |  0.406570841889117  |
| 9  |  0.5312190287413281  |


confusion matrix:
[0, 1, 2, 3, 4, 5, 6, 7, 8, 9]
0, 720, 0, 20, 111, 7, 19, 82, 10, 2, 9
1, 0, 1029, 5, 56, 2, 0, 2, 5, 34, 2
2, 30, 44, 556, 228, 61, 14, 25, 28, 35, 11
3, 25, 10, 41, 804, 5, 37, 11, 25, 26, 26
4, 23, 39, 54, 117, 507, 3, 38, 41, 23, 137
5, 21, 2, 14, 248, 11, 510, 15, 14, 38, 19
6, 69, 4, 25, 208, 15, 9, 599, 4, 19, 6
7, 6, 30, 35, 71, 18, 7, 2, 705, 15, 139
8, 13, 82, 27, 313, 39, 33, 23, 15, 396, 33
9, 21, 15, 31, 171, 85, 18, 19, 102, 11, 536


################################
line done in: 1:52:20.845424
==== fill ====
fill SVM Radial Bias Function accuracy: 0.4683

################################
fill accuracy analysis 
Class labels, min: 0 max: 9


Accuracy per class:
| class | accuracy |
| :---: | :---: |
| 0  |  0.8734693877551021  |
| 1  |  0.9973568281938326  |
| 2  |  0.3023255813953488  |
| 3  |  0.013861386138613862  |
| 4  |  0.05091649694501019  |
| 5  |  0.0  |
| 6  |  0.7505219206680585  |
| 7  |  0.006809338521400778  |
| 8  |  0.8295687885010267  |
| 9  |  0.777998017839445  |


confusion matrix:
[0, 1, 2, 3, 4, 5, 6, 7, 8, 9]
0, 856, 118, 0, 0, 1, 0, 4, 0, 0, 1
1, 0, 1132, 0, 1, 0, 0, 0, 2, 0, 0
2, 0, 675, 312, 7, 3, 0, 10, 1, 20, 4
3, 0, 974, 5, 14, 1, 2, 6, 1, 2, 5
4, 2, 892, 7, 5, 50, 0, 3, 7, 0, 16
5, 1, 856, 8, 7, 2, 0, 4, 4, 3, 7
6, 12, 173, 17, 5, 6, 0, 719, 8, 18, 0
7, 0, 1013, 1, 5, 0, 0, 2, 7, 0, 0
8, 4, 24, 31, 2, 1, 0, 50, 2, 808, 52
9, 4, 190, 1, 8, 8, 2, 1, 3, 7, 785


################################
fill done in: 1:52:56.909040
==== ellipse-circle ====
ellipse-circle SVM Radial Bias Function accuracy: 0.5161

################################
ellipse-circle accuracy analysis 
Class labels, min: 0 max: 9


Accuracy per class:
| class | accuracy |
| :---: | :---: |
| 0  |  0.7336734693877551  |
| 1  |  0.9955947136563876  |
| 2  |  0.41957364341085274  |
| 3  |  0.4881188118811881  |
| 4  |  0.3136456211812627  |
| 5  |  0.25  |
| 6  |  0.6283924843423799  |
| 7  |  0.25778210116731515  |
| 8  |  0.4353182751540041  |
| 9  |  0.5589692765113974  |


confusion matrix:
[0, 1, 2, 3, 4, 5, 6, 7, 8, 9]
0, 719, 2, 15, 30, 3, 41, 117, 7, 32, 14
1, 0, 1130, 0, 1, 0, 0, 2, 0, 2, 0
2, 44, 135, 433, 61, 103, 24, 45, 25, 93, 69
3, 49, 86, 54, 493, 15, 79, 98, 9, 91, 36
4, 2, 127, 59, 17, 308, 28, 36, 84, 31, 290
5, 94, 87, 22, 180, 20, 223, 96, 12, 127, 31
6, 84, 74, 33, 37, 25, 39, 602, 25, 15, 24
7, 5, 312, 28, 10, 75, 8, 23, 265, 12, 290
8, 53, 27, 62, 106, 38, 114, 35, 12, 424, 103
9, 21, 57, 19, 14, 116, 29, 57, 83, 49, 564


################################
ellipse-circle done in: 1:53:52.296927
==== ellipse ====
ellipse SVM Radial Bias Function accuracy: 0.3027

################################
ellipse accuracy analysis 
Class labels, min: 0 max: 9


Accuracy per class:
| class | accuracy |
| :---: | :---: |
| 0  |  0.7836734693877551  |
| 1  |  0.9982378854625551  |
| 2  |  0.12790697674418605  |
| 3  |  0.21485148514851485  |
| 4  |  0.002036659877800407  |
| 5  |  0.2062780269058296  |
| 6  |  0.3736951983298539  |
| 7  |  0.0038910505836575876  |
| 8  |  0.10780287474332649  |
| 9  |  0.12289395441030723  |


confusion matrix:
[0, 1, 2, 3, 4, 5, 6, 7, 8, 9]
0, 768, 67, 14, 32, 0, 42, 42, 3, 3, 9
1, 1, 1133, 1, 0, 0, 0, 0, 0, 0, 0
2, 59, 741, 132, 18, 0, 28, 30, 3, 8, 13
3, 84, 550, 15, 217, 3, 84, 33, 0, 19, 5
4, 4, 935, 7, 0, 2, 4, 13, 0, 2, 15
5, 123, 364, 14, 118, 0, 184, 41, 0, 37, 11
6, 119, 402, 19, 7, 0, 27, 358, 0, 12, 14
7, 11, 996, 1, 3, 3, 1, 2, 4, 1, 6
8, 40, 651, 18, 54, 2, 45, 41, 0, 105, 18
9, 27, 801, 14, 8, 4, 15, 9, 0, 7, 124


################################
ellipse done in: 2:10:25.281660
==== skel-fill ====
skel-fill SVM Radial Bias Function accuracy: 0.1135

################################
skel-fill accuracy analysis 
Class labels, min: 0 max: 9


Accuracy per class:
| class | accuracy |
| :---: | :---: |
| 0  |  0.0  |
| 1  |  1.0  |
| 2  |  0.0  |
| 3  |  0.0  |
| 4  |  0.0  |
| 5  |  0.0  |
| 6  |  0.0  |
| 7  |  0.0  |
| 8  |  0.0  |
| 9  |  0.0  |


confusion matrix:
[0, 1, 2, 3, 4, 5, 6, 7, 8, 9]
0, 0, 980, 0, 0, 0, 0, 0, 0, 0, 0
1, 0, 1135, 0, 0, 0, 0, 0, 0, 0, 0
2, 0, 1032, 0, 0, 0, 0, 0, 0, 0, 0
3, 0, 1010, 0, 0, 0, 0, 0, 0, 0, 0
4, 0, 982, 0, 0, 0, 0, 0, 0, 0, 0
5, 0, 892, 0, 0, 0, 0, 0, 0, 0, 0
6, 0, 958, 0, 0, 0, 0, 0, 0, 0, 0
7, 0, 1028, 0, 0, 0, 0, 0, 0, 0, 0
8, 0, 974, 0, 0, 0, 0, 0, 0, 0, 0
9, 0, 1009, 0, 0, 0, 0, 0, 0, 0, 0


################################
skel-fill done in: 2:21:58.627528
Completed training 13 transforms in: 2:21:59.025616
